a=[]
b=[]
n=int(input("enter a no:"))
for i in range(1,n):
    if(i%2==0):
        a.append(i)
        print a
    else:
        b.append(i)
        print b


     
     
     
......._______.......

sample output

enter a no:30
[1]
[2]
[1, 3]
[2, 4]
[1, 3, 5]
[2, 4, 6]
[1, 3, 5, 7]
[2, 4, 6, 8]
[1, 3, 5, 7, 9]
[2, 4, 6, 8, 10]
[1, 3, 5, 7, 9, 11]
[2, 4, 6, 8, 10, 12]
[1, 3, 5, 7, 9, 11, 13]
[2, 4, 6, 8, 10, 12, 14]
[1, 3, 5, 7, 9, 11, 13, 15]
[2, 4, 6, 8, 10, 12, 14, 16]
[1, 3, 5, 7, 9, 11, 13, 15, 17]
[2, 4, 6, 8, 10, 12, 14, 16, 18]
[1, 3, 5, 7, 9, 11, 13, 15, 17, 19]
[2, 4, 6, 8, 10, 12, 14, 16, 18, 20]
[1, 3, 5, 7, 9, 11, 13, 15, 17, 19, 21]
[2, 4, 6, 8, 10, 12, 14, 16, 18, 20, 22]
[1, 3, 5, 7, 9, 11, 13, 15, 17, 19, 21, 23]
[2, 4, 6, 8, 10, 12, 14, 16, 18, 20, 22, 24]
[1, 3, 5, 7, 9, 11, 13, 15, 17, 19, 21, 23, 25]
[2, 4, 6, 8, 10, 12, 14, 16, 18, 20, 22, 24, 26]
[1, 3, 5, 7, 9, 11, 13, 15, 17, 19, 21, 23, 25, 27]
[2, 4, 6, 8, 10, 12, 14, 16, 18, 20, 22, 24, 26, 28]
[1, 3, 5, 7, 9, 11, 13, 15, 17, 19, 21, 23, 25, 27, 29]
